c(12,12,12)
c(12,12,4)
c(12,12,8)
c(12,20,12)
c(12,20,4)
c(12,20,8)
c(12,24,12)
c(12,24,4)
c(12,24,8)
c(12,28,12)
c(12,28,4)
c(12,28,8)
c(12,32,12)
c(12,32,4)
c(12,32,8)
c(12,36,12)
c(12,36,4)
c(12,36,8)
c(12,40,12)
c(12,40,4)
c(12,40,8)
c(12,44,12)
c(12,44,4)
c(12,44,8)
c(12,52,4)
c(12,52,8)
c(20,12,12)
c(20,12,4)
c(20,12,8)
c(20,20,12)
c(20,20,16)
c(20,20,20)
c(20,20,4)
c(20,20,8)
c(20,24,12)
c(20,24,16)
c(20,24,20)
c(20,24,4)
c(20,24,8)
c(20,28,12)
c(20,28,16)
c(20,28,20)
c(20,28,4)
c(20,28,8)
c(20,32,12)
c(20,32,16)
c(20,32,20)
c(20,32,4)
c(20,32,8)
c(20,36,12)
c(20,36,16)
c(20,36,20)
c(20,36,4)
c(20,36,8)
c(20,40,12)
c(20,40,16)
c(20,40,20)
c(20,40,4)
c(20,40,8)
c(20,44,12)
c(20,44,16)
c(20,44,4)
c(20,44,8)
c(20,52,4)
c(20,52,8)
c(24,12,12)
c(24,12,4)
c(24,12,8)
c(24,20,12)
c(24,20,16)
c(24,20,20)
c(24,20,4)
c(24,20,8)
c(24,24,12)
c(24,24,16)
c(24,24,20)
c(24,24,24)
c(24,24,4)
c(24,24,8)
c(24,28,12)
c(24,28,16)
c(24,28,20)
c(24,28,24)
c(24,28,4)
c(24,28,8)
c(24,32,12)
c(24,32,16)
c(24,32,20)
c(24,32,24)
c(24,32,4)
c(24,32,8)
c(24,36,12)
c(24,36,16)
c(24,36,20)
c(24,36,24)
c(24,36,4)
c(24,36,8)
c(24,40,12)
c(24,40,16)
c(24,40,20)
c(24,40,4)
c(24,40,8)
c(24,44,12)
c(24,44,16)
c(24,44,4)
c(24,44,8)
c(24,52,4)
c(24,52,8)
c(28,12,12)
c(28,12,4)
c(28,12,8)
c(28,20,12)
c(28,20,16)
c(28,20,20)
c(28,20,4)
c(28,20,8)
c(28,24,12)
c(28,24,16)
c(28,24,20)
c(28,24,24)
c(28,24,4)
c(28,24,8)
c(28,28,12)
c(28,28,16)
c(28,28,20)
c(28,28,24)
c(28,28,28)
c(28,28,4)
c(28,28,8)
c(28,32,12)
c(28,32,16)
c(28,32,20)
c(28,32,24)
c(28,32,28)
c(28,32,4)
c(28,32,8)
c(28,36,12)
c(28,36,16)
c(28,36,20)
c(28,36,24)
c(28,36,4)
c(28,36,8)
c(28,40,12)
c(28,40,16)
c(28,40,20)
c(28,40,4)
c(28,40,8)
c(28,44,12)
c(28,44,16)
c(28,44,4)
c(28,44,8)
c(28,52,4)
c(28,52,8)
c(32,12,12)
c(32,12,4)
c(32,12,8)
c(32,20,12)
c(32,20,16)
c(32,20,20)
c(32,20,4)
c(32,20,8)
c(32,24,12)
c(32,24,16)
c(32,24,20)
c(32,24,24)
c(32,24,4)
c(32,24,8)
c(32,28,12)
c(32,28,16)
c(32,28,20)
c(32,28,24)
c(32,28,28)
c(32,28,4)
c(32,28,8)
c(32,32,12)
c(32,32,16)
c(32,32,20)
c(32,32,24)
c(32,32,28)
c(32,32,4)
c(32,32,8)
c(32,36,12)
c(32,36,16)
c(32,36,20)
c(32,36,24)
c(32,36,4)
c(32,36,8)
c(32,40,12)
c(32,40,16)
c(32,40,20)
c(32,40,4)
c(32,40,8)
c(32,44,12)
c(32,44,16)
c(32,44,4)
c(32,44,8)
c(32,52,4)
c(32,52,8)
c(36,12,12)
c(36,12,4)
c(36,12,8)
c(36,20,12)
c(36,20,16)
c(36,20,20)
c(36,20,4)
c(36,20,8)
c(36,24,12)
c(36,24,16)
c(36,24,20)
c(36,24,24)
c(36,24,4)
c(36,24,8)
c(36,28,12)
c(36,28,16)
c(36,28,20)
c(36,28,24)
c(36,28,4)
c(36,28,8)
c(36,32,12)
c(36,32,16)
c(36,32,20)
c(36,32,24)
c(36,32,4)
c(36,32,8)
c(36,36,12)
c(36,36,16)
c(36,36,20)
c(36,36,24)
c(36,36,4)
c(36,36,8)
c(36,40,12)
c(36,40,16)
c(36,40,20)
c(36,40,4)
c(36,40,8)
c(36,44,12)
c(36,44,16)
c(36,44,4)
c(36,44,8)
c(36,52,4)
c(36,52,8)
c(40,12,12)
c(40,12,4)
c(40,12,8)
c(40,20,12)
c(40,20,16)
c(40,20,20)
c(40,20,4)
c(40,20,8)
c(40,24,12)
c(40,24,16)
c(40,24,20)
c(40,24,4)
c(40,24,8)
c(40,28,12)
c(40,28,16)
c(40,28,20)
c(40,28,4)
c(40,28,8)
c(40,32,12)
c(40,32,16)
c(40,32,20)
c(40,32,4)
c(40,32,8)
c(40,36,12)
c(40,36,16)
c(40,36,20)
c(40,36,4)
c(40,36,8)
c(40,40,12)
c(40,40,16)
c(40,40,20)
c(40,40,4)
c(40,40,8)
c(40,44,12)
c(40,44,16)
c(40,44,4)
c(40,44,8)
c(40,52,4)
c(40,52,8)
c(44,12,12)
c(44,12,4)
c(44,12,8)
c(44,20,12)
c(44,20,16)
c(44,20,4)
c(44,20,8)
c(44,24,12)
c(44,24,16)
c(44,24,4)
c(44,24,8)
c(44,28,12)
c(44,28,16)
c(44,28,4)
c(44,28,8)
c(44,32,12)
c(44,32,16)
c(44,32,4)
c(44,32,8)
c(44,36,12)
c(44,36,16)
c(44,36,4)
c(44,36,8)
c(44,40,12)
c(44,40,16)
c(44,40,4)
c(44,40,8)
c(44,44,12)
c(44,44,16)
c(44,44,4)
c(44,44,8)
c(44,52,4)
c(44,52,8)
c(52,12,4)
c(52,12,8)
c(52,20,4)
c(52,20,8)
c(52,24,4)
c(52,24,8)
c(52,28,4)
c(52,28,8)
c(52,32,4)
c(52,32,8)
c(52,36,4)
c(52,36,8)
c(52,40,4)
c(52,40,8)
c(52,44,4)
c(52,44,8)
c(52,52,4)
c(52,52,8)
